-201
-247
-66
-205
30
1826
8156
12459
13465
10402
4680
2
-765
-2253
-3487
-4734
-5355
-5393
-4314
-2208
-517
-41
69
-3
71
-3
75
-133
81
-56
78
-43
20
-187
42
-56
9
-5
823
872
236
-126
-62
-113
-432
5820
2917
-284
-91
-99
158
269
607
719
1241
1557
1401
379
-75
-163
-76
-150
-93
-131
-54
-114
9
-201
-65
518
925
447
-80
-153
-52
-498
3235
5497
-408
-135
-65
43
198
376
677
1030
1557
1470
795
-104
-208
-243
-294
-282
-232
-109
-157
-112
-157
2336
8701
12664
13412
10025
4007
-103
-856
-2295
-3706
-4710
-5512
-5244
-4331
-1949
-553
52
35
15
7
-19
-48
24
-18
17
-114
58
10
24
-38
-32
-25
166
822
927
66
-16
-68
36
-576
6663
2038
-98
-186
25
48
397
464
858
1128
1655
1255
415
-166
-121
-171
-37
-166
-26
-223
-24
-189
-30
-109
703
807
406
-181
-27
-166
-492
4002
4947
-438
-20
-165
126
249
595
666
1183
1487
1567
661
8
-373
-155
-323
-248
-340
-73
-179
12
-140
2830
9134
12824
13225
9688
3388
-173
-1103
-2334
-3758
-4698
-5567
-5112
-4162
-1644
-523
115
-44
120
-63
90
-12
50
-43
88
-80
71
-119
69
-30
35
-122
283
835
957
13
16
-116
6
-635
7585
1030
-109
-188
15
83
400
471
867
1190
1746
1219
344
-131
-24
-186
-66
-160
-29
-26
-11
-93
-50
23
754
903
322
-145
-78
-80
-683
4833
3964
-324
-117
-107
38
289
510
746
1083
1550
1445
622
-55
-83
-54
-112
-79
-96
-81
-97
-43
-75
-65
488
946
552
4
-3
-47
-294
2170
6307
-146
-58
-84
50
214
495
660
996
1463
1604
960
45
-400
-305
-355
-257
-335
-158
-115
-52
-98
1713
7644
12492
13338
10758
4889
123
-801
-2044
-3475
-4512
-5479
-5292
-4499
-2181
-661
10
-32
1
-58
33
-64
53
-64
118
-78
72
-107
54
0
92
-52
125
709
985
242
-24
-147
-13
-667
5662
3140
-196
-223
49
43
411
422
823
1048
1684
1341
576
-159
37
-143
-94
-172
-34
-159
31
-149
-46
-110
599
842
536
-182
-27
-202
-329
2833
5863
-419
-15
-179
125
135
554
601
1100
1453
1608
724
20
-227
-133
-318
-169
-281
0
-177
-23
-170
2137
8230
12748
13312
10392
4281
57
-907
-2148
-3647
-4656
-5507
-5235
-4415
-2003
-595
43
-33
79
-95
20
-32
46
-42
32
-94
61
-27
41
-31
28
-98
189
809
950
171
-76
-104
3
-457
6263
2479
-134
-179
-26
93
390
516
821
1169
1672
1346
486
-51
-101
-91
-58
-67
-107
-91
-100
-90
-97
-23
605
950
403
-45
-77
-90
-507
3820
5146
-335
-178
-112
25
301
456
743
1006
1556
1531
745
-132
-359
-352
-302
-350
-388
-254
-116
-102
-57
2413
8910
12771
13423
9987
3842
-220
-943
-2346
-3597
-4836
-5452
-5273
-4144
-1905
-400
-87
81
-13
89
-88
70
-61
32
-66
50
-71
20
-39
36
-69
44
116
961
780
186
-219
-37
-167
-439
6955
1645
-294
-29
-92
184
283
655
838
1288
1553
1309
200
-49
-200
-55
-233
-32
-191
17
-155
-3
-173
65
596
921
275
-50
-146
-35
-734
4590
4232
-305
-192
-57
-48
366
384
837
1048
1653
1378
724
-127
-2
-204
-6
-193
-63
-100
-12
-170
-1
-110
529
890
699
-131
5
-163
-163
1571
6766
-92
-24
-190
86
122
532
588
963
1372
1604
929
85
-289
-232
-347
-248
-329
-80
-127
-24
-107
1444
7294
12608
13181
11114
5163
203
-771
-2025
-3389
-4561
-5391
-5407
-4589
-2396
-677
-23
43
19
-59
-2
-22
-14
-61
27
-6
30
-50
4
6
6
-10
80
754
917
350
-70
-119
-97
-629
5210
3699
-332
-136
-105
129
340
475
699
1057
1573
1493
570
-56
-94
-91
-93
-85
-109
-94
-15
-5
-114
-4
483
1049
499
10
-99
-78
-326
2474
6074
-165
-153
-69
10
303
389
747
1009
1544
1552
940
-94
-218
-359
-220
-380
-221
-197
41
-179
-37
1712
7938
12453
13445
10543
4729
6
-737
-2213
-3441
-4735
-5359
-5426
-4352
-2324
-509
-122
129
-63
102
-95
58
-47
62
-88
77
-105
125
-53
6
-134
44
-11
875
842
272
-173
41
-69
-410
5632
3068
-287
-76
-176
116
234
568
671
1173
1544
1420
381
34
-158
-83
-195
-30
-163
12
-161
-22
-123
35
435
966
415
-40
-126
-88
-462
3163
5557
-259
-176
-132
32
348
441
658
936
1581
1471
827
-162
-261
-322
-287
-331
-211
-219
-51
-101
4
2084
8517
12590
13462
10198
4256
-55
-872
-2264
-3566
-4679
-5456
-5272
-4306
-2035
-493
-31
52
3
-5
-11
4
19
6
-21
33
-33
40
27
7
-59
-39
108
781
867
202
-100
-108
-63
-523
6390
2226
-202
-192
-63
107
361
428
768
1124
1713
1308
374
-123
-89
-90
-80
-152
-65
-148
-90
-88
-114
-127
662
914
361
-138
-123
-154
-523
3748
5039
-384
-54
-154
60
222
493
647
1091
1448
1502
638
23
-151
-24
-175
-38
-184
34
-166
-33
-178
18
353
1076
596
41
-130
12
-204
953
7316
118
-160
-21
-71
261
386
744
865
1494
1465
1138
-26
-194
-381
-253
-395
-204
-311
-43
-172
59
981
7038
12430
13212
11346
5740
280
-568
-1930
-3230
-4510
-5214
-5426
-4489
-2615
-641
-14
140
-77
134
-32
111
-57
59
-25
122
-23
77
-85
-6
-90
82
-36
769
896
418
-88
-19
-133
-611
4573
4322
-360
-122
-161
125
242
478
660
1137
1512
1516
611
5
-157
-55
-133
-30
-121
-14
-111
-41
-103
-78
338
931
607
5
-116
-81
-178
1748
6589
-54
-151
-72
-36
217
427
649
938
1448
1563
951
-23
-256
-237
-227
-258
-244
-212
-86
-59
-82
1475
7497
12501
13374
10929
5147
194
-700
-2027
-3399
-4568
-5396
-5335
-4498
-2288
-689
-23
-9
33
-3
25
-24
47
-16
34
-46
42
-17
58
19
70
-71
114
777
954
268
-26
-127
21
-614
5348
3547
-201
-229
4
46
352
444
794
1067
1661
1365
586
-196
-75
-221
-66
-196
-3
-200
-26
-174
-40
-113
583
854
577
-152
-58
-160
-274
2421
6072
-330
-20
-226
62
165
534
588
1024
1448
1604
769
22
-298
-237
-415
-245
-389
-95
-159
15
-158
1991
7901
12624
13238
10541
4440
164
-897
-2113
-3586
-4541
-5523
-5312
-4493
-2069
-656
70
-65
91
-56
67
-46
11
-156
76
-56
147
-57
60
-61
9
-87
102
697
931
127
27
-131
-34
-653
5876
2773
-275
-219
-54
-14
378
459
772
1088
1616
1343
528
-112
-107
-76
11
-146
-91
-150
-41
-72
-80
-80
515
939
494
-88
-102
-152
-441
3157
5647
-343
-59
-112
96
236
460
640
1050
1513
1547
789
-33
-122
-121
-118
-133
-155
-92
-105
-36
-97
-94
325
975
702
0
-75
-107
-84
363
7648
-12
-66
-99
4
118
388
574
957
1406
1721
1042
174
-312
-205
-307
-244
-292
-137
-145
13
-89
756
6459
12467
13047
11778
6000
521
-630
-1744
-3312
-4375
-5359
-5350
-4718
-2634
-933
39
2
106
-69
33
-39
100
-13
64
-48
42
-28
95
-118
20
-38
135
620
1043
334
18
-135
-41
-615
4042
4854
-297
-135
18
-36
399
406
820
970
1660
1490
817
-100
-2
-130
-29
-78
3
-152
-12
-180
-10
-160
436
838
689
-97
-6
-191
-127
1011
7247
-125
-13
-173
63
118
516
498
948
1372
1661
972
116
-373
-219
-362
-226
-331
-73
-110
23
-60
1181
6942
12605
13080
11410
5487
311
-670
-1911
-3314
-4495
-5337
-5374
-4622
-2424
-775
0
-53
59
-22
101
-55
36
0
-26
32
57
-13
2
16
122
-5
22
716
1033
323
-63
-82
-113
-644
4739
4225
-366
-96
-118
27
296
409
726
1109
1589
1449
615
-82
-120
-83
-127
-100
-119
-68
-98
-94
-134
-124
411
931
564
-5
-101
-79
-212
1851
6488
-121
-98
-126
20
230
410
679
921
1503
1535
943
-39
-188
-298
-254
-289
-280
-181
-11
-142
-44
1438
7557
12511
13375
10855
5124
165
-620
-2115
-3381
-4630
-5313
-5417
-4449
-2383
-603
-59
102
-32
96
-67
81
-51
59
-11
52
-75
50
-125
53
-109
40
5
822
868
339
-105
22
-135
-590
5258
3603
-400
-89
-181
147
175
551
606
1119
1501
1500
470
33
-148
-46
-175
-11
-136
20
-136
37
-135
45
442
1000
472
86
-163
-37
-419
2562
5985
-101
-178
-72
-79
310
402
720
929
1572
1500
976
-55
-91
-134
-73
-133
-8
-95
-63
-117
-22
-127
346
834
807
34
-48
-107
-107
-144
7931
213
-106
-168
20
161
475
569
860
1325
1633
1102
153
-241
-171
-278
-256
-344
-200
-149
-64
-67
401
5901
12282
12978
12080
6442
670
-529
-1676
-3096
-4356
-5179
-5487
-4740
-2862
-887
-87
89
58
51
31
-48
17
60
-1
3
-14
13
-12
45
-27
15
-70
624
948
477
-147
-43
-103
-376
3096
5579
-390
-70
-171
72
173
517
626
1059
1432
1542
764
9
-141
-42
-190
-31
-180
45
-150
-72
-115
-37
332
1018
700
93
-148
-30
-216
429
7629
79
-176
-40
-35
188
316
636
783
1383
1464
1211
32
-152
-381
-167
-322
-237
-256
-44
-206
36
640
6565
12308
13096
11659
6157
462
-475
-1840
-3102
-4459
-5169
-5504
-4530
-2752
-701
-27
154
-1
77
-42
84
-106
89
-64
147
-43
76
-88
82
-57
91
-46
714
903
525
-94
-10
-121
-466
3921
4979
-429
-30
-174
107
252
557
701
1043
1472
1595
656
-33
-126
0
-154
-57
-123
-25
-64
31
-148
-21
341
1010
622
21
-95
-42
-187
1193
7046
-51
-94
-60
-2
222
460
625
869
1476
1528
1090
-7
-238
-255
-319
-319
-294
-213
-17
-94
-68
1071
7048
12481
13209
11254
5538
285
-642
-1881
-3364
-4467
-5303
-5374
-4654
-2510
-740
25
12
63
-12
24
-29
25
34
11
14
16
-31
55
-4
42
-35
83
705
968
335
-76
-84
-26
-697
4799
4122
-263
-161
-50
36
352
405
754
1060
1640
1468
714
-132
-21
-193
-58
-189
15
-137
26
-138
-14
-37
516
903
604
-130
8
-203
-244
1794
6504
-175
-31
-272
69
137
533
517
1028
1343
1671
953
154
-182
-24
-160
-11
-176
-39
-217
28
-121
7
119
988
731
186
-210
-14
-138
-387
7634
776
-183
-61
-95
248
312
637
753
1409
1594
1329
75
-171
-356
-213
-376
-259
-280
33
-83
67
218
5627
11865
13172
12312
7077
1030
-401
-1625
-2912
-4306
-5121
-5572
-4816
-3107
-960
-245
56
-9
93
-32
8
-19
52
15
26
-30
-24
16
49
-25
-7
-78
586
932
595
-98
-80
-149
-297
2552
6090
-207
-30
-136
39
234
487
667
1038
1461
1581
853
17
-100
-94
-163
-160
-76
-79
-108
-101
-97
-53
215
925
694
-46
-103
-78
-136
-140
7833
282
-79
-192
18
136
443
594
869
1256
1629
1111
122
-296
-238
-351
-356
-372
-344
-113
-72
-27
584
5976
12229
13026
12148
6618
853
-578
-1605
-3160
-4271
-5295
-5410
-4816
-2815
-956
38
-28
110
-54
144
-42
64
-36
90
-48
73
-42
67
-87
68
-101
11
292
1074
626
141
-178
1
-217
173
7841
160
-198
-82
-113
284
311
608
784
1418
1552
1253
33
-4
-151
4
-203
-7
-125
14
-141
11
-187
156
722
941
67
-28
-165
35
-600
6360
2311
-161
-230
1
-6
426
425
804
1115
1680
1268
505
-148
-7
-175
-72
-179
-21
-177
-27
-148
-24
-113
711
886
498
-154
-34
-100
-503
3726
5101
-487
-83
-138
43
231
444
662
1048
1411
1551
717
14
-113
-45
-92
-82
-106
-105
-145
-99
-47
-78
365
1016
614
49
-122
-85
-253
784
7332
-42
-107
-141
-17
217
462
592
935
1361
1556
1105
100
-110
-120
-128
-133
-99
-67
-141
-108
-148
-127
82
799
774
149
-89
-91
-101
-582
6926
1686
-208
-161
-141
119
301
540
751
1225
1628
1415
276
-58
-149
-44
-142
-46
-147
-21
-82
1
-112
30
620
1021
356
-10
-140
-56
-641
4620
4426
-304
-242
21
-54
292
354
766
999
1646
1436
688
-135
2
-142
-40
-173
0
-138
10
-109
-49
-207
496
850
700
-111
-12
-158
-149
1481
6753
-211
-25
-226
58
90
495
500
976
1297
1642
911
146
-137
-66
-241
-56
-205
-12
-193
-30
-179
-29
105
954
720
120
-185
-10
-159
-521
7502
952
-218
-72
-183
105
273
602
774
1293
1521
1310
167
-18
-181
-68
-166
-18
-219
-28
-160
-11
-119
57
667
922
244
-45
-130
-23
-738
5198
3674
-271
-231
-55
-3
304
425
768
1024
1649
1400
650
-58
-72
-118
-54
-141
-46
-113
-121
-88
-35
-56
507
918
589
-16
-53
-93
-297
2300
6194
-142
-90
-148
-36
222
411
581
913
1396
1536
922
-24
-115
-51
-93
-109
-69
-140
-47
-62
-111
-145
290
866
719
-12
-118
-88
-52
-285
7807
489
-83
-168
53
57
403
523
859
1204
1652
1108
249
-136
-63
-143
-35
-185
-18
-118
-36
-179
-51
-68
888
839
266
-209
-52
-114
-499
5598
3127
-349
-114
-151
48
198
583
759
1190
1492
1443
390
6
-170
-61
-226
-5
-191
4
-122
-43
-183
41
493
1029
395
-17
-201
-2
-537
3109
5602
-224
-228
-62
-115
331
408
812
936
1581
1461
916
-95
-18
-234
-14
-194
15
-173
14
-127
18
-124
346
908
792
-100
-2
-187
-77
-69
8017
66
-27
-246
4
80
459
539
954
1281
1626
1041
160
-145
-70
-148
-44
-170
-81
-138
13
-105
-26
5
823
820
186
-145
-80
-117
-447
6174
2404
-246
-146
-132
94
331
515
752
1196
1634
1379
320
-101
-125
-80
-122
-88
-84
-107
-113
-100
-138
-81
613
914
418
-142
-180
-136
-526
3714
5044
-454
-109
-169
-8
208
404
637
1025
1474
1535
691
-50
-99
-99
-134
-74
-95
-36
-109
-43
-111
-61
310
963
548
-18
-129
-50
-210
768
7345
-16
-153
-86
-39
191
321
652
825
1434
1517
1115
63
-72
-168
-80
-165
-23
-126
-15
-152
-22
-99
204
771
883
17
-19
-169
-15
-567
7046
1586
-131
-249
12
4
393
501
866
1114
1700
1210
426
-171
45
-212
-54
-220
-40
-219
-37
-276
-4
-87
686
867
381
-167
-25
-215
-617
4426
4412
-423
-97
-244
56
145
548
640
1102
1468
1501
571
-81
-186
-38
-201
-64
-182
-19
-207
-90
-140
-107
256
916
139
6146
-1098
-158
-130
82
390
741
1093
1530
2278
2458
1506
73
-115
-111
-99
-49
8
-71
-67
-84
65
-1930
-7594
-9459
-12949
-10532
-4594
-92
706
2080
3439
4584
5399
5197
4331
2104
535
-36
-115
-141
-131
-105
-112
-139
-126
-80
-39
-95
-121
-91
-98
-2
-62
60
1284
1436
421
-104
-139
-134
-567
8512
3409
-536
-173
-13
248
545
800
1137
1861
2545
2239
759
-104
-133
-150
-35
-219
-107
-119
-60
-28
-139
-103
908
1455
732
-189
-127
-132
-557
4886
7519
-1143
-152
3
119
421
659
1071
1644
2387
2500
1300
41
-69
-132
-72
-87
-61
-38
-63
-65
-30
-2359
-7920
-9576
-13229
-10135
-4088
161
895
2228
3575
4663
5540
5238
4232
1875
502
32
0
-145
-56
-111
-43
-22
-117
-104
-108
19
3
-62
-96
-81
25
267
1334
1333
226
-104
-126
-73
-612
9567
2208
-344
-145
-34
292
631
925
1297
1914
2582
2171
706
-107
-209
-134
-124
-63
-123
-171
-110
-61
-36
-48
1010
1519
595
-79
-131
-153
-721
6064
6455
-928
-190
-20
176
508
728
1132
1682
2490
2471
1207
-73
-76
-74
-21
-28
-83
-59
-15
25
35
-2844
-8198
-9815
-13144
-9663
-3533
179
1050
2421
3723
4739
5448
5181
4064
1710
401
-148
-115
-28
-95
-83
-119
-96
-55
-82
-92
-69
-82
10
-50
-57
-64
312
1516
1357
124
-130
-96
-65
-610
10814
775
-301
-93
61
284
577
894
1313
2028
2632
2025
527
-29
-67
-148
-117
-164
-48
-55
-73
-71
-164
56
1170
1513
571
-116
-156
-93
-828
7176
5197
-714
-84
15
111
553
814
1184
1769
2423
2360
1033
-41
-118
-200
-155
-120
-87
-146
-145
-160
-69
-43
805
1480
897
-53
-58
-137
-385
3316
8734
-766
-70
-48
87
492
703
1083
1500
2303
2484
1603
158
-130
-95
-95
16
-2
-40
-18
7
34
-1596
-7385
-9336
-12799
-10839
-4934
-194
722
2070
3484
4578
5363
5247
4490
2189
599
-22
-108
-85
-38
-44
-119
-131
-99
-27
-43
-91
-135
-56
-11
-30
-29
54
1271
1592
467
-153
-78
-114
-626
8171
3996
-625
-136
52
272
522
848
1182
1842
2552
2228
869
-65
-97
-137
-146
-184
-144
-95
-43
-97
-141
-74
887
1515
820
-142
-160
-94
-516
4319
7818
-1050
-156
-19
37
387
703
1060
1558
2375
2423
1425
71
-57
-68
-106
-100
-36
-43
-44
-82
-3
-2057
-7718
-9490
-13068
-10501
-4380
-24
822
2161
3429
4632
5412
5253
4277
1976
433
-8
-24
-82
-166
-96
-72
-97
-52
-87
-121
-68
-72
-156
-101
-108
-71
179
1298
1399
368
-75
-160
-94
-582
9024
2855
-401
-204
-98
214
576
852
1197
1912
2523
2192
733
-106
-123
-98
-99
-87
-158
-149
-105
-89
-73
-33
987
1507
747
-71
-132
-139
-628
5583
6913
-987
-175
-127
181
551
745
1051
1641
2476
2522
1264
-55
-174
-75
17
-39
-94
-65
-27
-10
2
-2529
-8001
-9704
-13117
-9930
-3877
155
941
2370
3684
4744
5391
5220
4218
1872
513
-75
-50
-21
-83
-149
-25
-92
-32
-39
-43
-96
-54
-7
-42
-79
-73
267
1459
1323
148
-160
-103
-6
-626
10163
1447
-388
-77
1
242
583
868
1247
2024
2574
2057
586
-84
-139
-97
-121
-134
-66
-46
-77
-131
-135
0
1126
1472
546
-135
-54
-68
-824
6738
5669
-839
-104
-27
123
474
794
1218
1698
2419
2355
1104
28
-107
-97
-126
-82
-108
-166
-131
-188
-93
-71
727
1479
1007
3
-59
-77
-322
2527
9381
-714
-35
-34
98
443
740
1065
1506
2310
2511
1686
219
-135
-92
-27
-9
-26
-66
-50
0
9
-1462
-7166
-9276
-12547
-11093
-5173
-247
663
2028
3364
4559
5328
5357
4410
2370
733
-38
-71
-78
-35
-52
-95
-97
-58
-54
-25
-39
-111
-61
-41
36
-29
29
1215
1511
583
-85
-125
-61
-738
7702
4676
-676
-136
7
219
603
821
1121
1800
2519
2359
1001
-96
-114
-75
-75
-137
-131
-94
7
-34
-172
-100
771
1497
949
-131
-159
-153
-406
3553
8498
-937
-103
-87
148
451
670
1035
1576
2378
2528
1479
108
-101
-54
-78
-55
-50
-6
-5
-23
-14
-1839
-7476
-9339
-12875
-10712
-4689
-108
776
2082
3424
4591
5401
5297
4452
2144
537
-3
-7
-113
-147
-124
-119
-33
-72
-156
-50
-69
-14
-8
-105
-105
-11
113
1255
1427
413
-99
-91
-60
-603
8339
3689
-469
-131
-63
179
542
903
1219
1817
2466
2272
846
-45
-116
-146
-144
-42
-63
-54
-54
-100
-55
-62
877
1487
811
-84
-58
-113
-563
4588
7756
-1016
-160
-89
108
494
757
1130
1569
2360
2451
1436
0
-163
-88
-53
3
-79
-84
-74
-22
81
-2192
-7903
-9537
-13190
-10222
-4232
-7
820
2201
3580
4635
5374
5164
4313
1936
525
-44
-80
-132
-43
-105
-125
-39
-34
22
-46
-95
-72
-37
-22
-35
-74
163
1344
1522
317
-79
-96
-71
-536
9286
2519
-425
-155
13
260
528
841
1192
1929
2600
2162
710
-87
-112
-65
-126
-112
-106
-121
-76
-117
-180
-89
1024
1527
682
-120
-125
-154
-745
5709
6632
-980
-186
-36
125
390
701
1135
1704
2435
2401
1252
25
-11
-163
-162
-117
-105
-83
-138
-158
-185
-58
617
1461
1055
-92
-124
-74
-196
1400
10438
-867
-91
-118
-25
345
678
1062
1490
2219
2463
1779
294
-28
-60
-57
-71
16
1
-52
-99
-76
-1032
-6738
-9174
-12316
-11536
-5669
-275
612
1858
3261
4454
5267
5402
4558
2491
727
9
-2
-153
-161
-108
36
-45
-122
-53
-68
-42
-57
-126
-25
-61
-12
13
1113
1547
559
-29
-88
-196
-880
6792
5679
-841
-177
-68
191
530
770
1112
1659
2469
2399
1111
-104
-193
-108
-56
-91
-129
-124
-103
-33
-85
-129
655
1520
1013
-29
-135
-95
-290
2718
9334
-772
-137
-9
95
471
673
993
1500
2365
2519
1592
135
-51
-4
-58
-47
-107
-48
46
35
-23
-1495
-7265
-9212
-12616
-11017
-5137
-222
760
2072
3371
4471
5371
5309
4513
2311
585
1
-78
-31
-97
-111
-74
-29
35
-67
-66
-80
-23
20
-43
-58
-33
97
1250
1546
476
-137
-131
-107
-720
7718
4516
-654
-147
20
169
533
785
1238
1813
2493
2285
921
-81
-157
-209
-186
-94
-94
-120
-138
-203
-130
-73
839
1508
870
-132
-105
-153
-508
3718
8335
-913
-156
-111
38
416
689
1056
1506
2296
2450
1523
143
-105
-154
-39
-45
-31
-76
-114
-71
12
-1925
-7619
-9516
-12928
-10529
-4568
-89
706
2143
3489
4703
5442
5196
4342
2115
551
-7
-124
-95
-88
-53
-46
-89
-76
-73
-17
22
-71
-127
-29
-3
12
105
1231
1452
427
-89
-155
-127
-579
8597
3401
-496
-128
-77
282
572
883
1166
1880
2578
2329
835
-80
-123
-45
-50
-118
-79
-105
-115
-60
-109
-82
982
1597
830
-106
-122
-138
-585
4751
7616
-1158
-128
-2
114
424
737
1101
1560
2477
2416
1357
75
-34
-85
-90
-137
-139
-96
-71
-103
-131
-117
554
1528
1161
-98
-104
-99
-161
850
10948
-792
-69
-11
54
409
631
971
1408
2281
2620
1868
364
-52
-72
-20
-32
-87
7
-3
-28
-76
-786
-6407
-9070
-12038
-11851
-6094
-471
665
1774
3179
4416
5256
5457
4594
2653
718
17
-64
-71
-83
-93
-105
-17
-116
-86
-41
-59
-25
-102
-81
-90
-16
24
1059
1502
697
-95
-97
-65
-680
5816
6629
-934
-145
-23
165
555
772
1178
1709
2391
2410
1239
-33
-187
-140
-152
-134
-160
-120
-128
-168
-82
-92
663
1490
1048
24
-116
-151
-301
1685
10107
-770
-128
-71
15
465
750
983
1472
2230
2630
1789
252
-74
-56
-6
-23
-62
-46
-24
-5
1
-1189
-6800
-9191
-12291
-11446
-5551
-382
649
2027
3416
4444
5268
5432
4561
2573
682
-18
-99
-88
-50
-45
-97
-70
-65
-83
-36
-62
14
-60
-27
-22
-34
-46
1166
1562
560
-174
-166
-190
-815
6913
5478
-845
-115
38
191
514
775
1153
1727
2461
2372
1065
-70
-78
-70
-114
-112
-94
-69
-84
-126
-139
-142
763
1571
940
-97
-108
-112
-316
2765
9187
-770
-113
-10
44
343
619
1010
1517
2310
2476
1618
111
-88
-61
-111
-78
-36
1
-29
-57
-19
-1503
-7226
-9269
-12690
-11035
-5086
-198
728
1933
3320
4556
5354
5328
4384
2319
635
24
-29
-95
-119
-11
-84
-100
-121
-84
-56
-9
-47
-100
-133
-14
-60
45
1196
1472
567
-102
-78
-151
-759
7713
4467
-611
-185
-39
167
575
875
1161
1786
2447
2402
954
-60
-118
-108
-119
-60
-37
-97
-116
-67
-45
-112
798
1506
922
-7
-145
-137
-446
3817
8442
-869
-133
-5
175
520
746
1049
1540
2383
2542
1473
73
-146
-115
-70
-82
-112
-104
-79
-45
-113
-126
451
1495
1213
83
-117
-99
-107
92
11380
-403
-201
-65
107
381
643
920
1411
2126
2575
1910
352
-117
-2
-91
33
-46
-51
37
-61
-37
-572
-6008
-8949
-11690
-12263
-6571
-727
628
1748
3103
4315
5191
5547
4753
2960
904
55
-6
3
-74
-44
-89
-51
21
-61
-83
-21
0
21
-31
-102
17
0
1005
1582
739
-84
-89
-100
-559
4739
7627
-1015
-25
-23
94
489
742
1151
1643
2408
2466
1379
49
-126
-186
-144
-76
-119
-70
-114
-109
-62
-116
611
1501
1139
-5
-14
-56
-196
717
10973
-783
-105
-96
44
377
670
955
1358
2143
2552
1870
335
-144
-110
-40
7
-26
-81
-30
-45
-18
-725
-6439
-9062
-11970
-11760
-6090
-527
571
1730
3242
4368
5203
5353
4575
2694
805
29
-148
-93
-21
-29
-101
-62
-120
-35
-37
-72
-73
-53
-40
-82
-53
-24
1061
1558
746
-152
-164
-154
-705
5822
6605
-964
-145
-32
154
535
736
1108
1739
2424
2445
1205
-68
-84
-61
-124
-113
-131
-103
-70
-26
-150
-119
659
1566
1075
-66
-123
-146
-254
1791
10047
-875
-155
-65
86
385
657
1043
1480
2322
2467
1699
256
-101
-83
-55
-106
-52
-60
-21
-60
-52
-1192
-6823
-9097
-12405
-11414
-5630
-289
666
1861
3247
4428
5325
5385
4526
2451
624
-28
-34
-64
-110
-101
-54
-38
-44
-168
-96
-85
-55
-56
-111
-78
-42
108
1061
1447
531
-192
-113
-118
-913
6913
5500
-837
-163
-97
175
511
773
1139
1721
2442
2428
1106
-27
-107
-111
-114
-103
-62
-94
-72
-63
-57
-99
746
1537
942
23
-47
-140
-432
2866
9072
-774
-97
-132
89
475
744
1016
1428
2246
2599
1660
124
-135
-118
-84
-168
-113
-85
-153
-127
-67
-153
303
1445
1255
141
-150
-111
-87
-339
11186
141
-231
-77
83
306
637
888
1341
2167
2637
2007
481
-127
-28
-8
-87
-67
-31
0
36
-74
-412
-5595
-8917
-11488
-12387
-7141
-1089
547
1622
3038
4194
5147
5465
4791
3097
964
47
-97
-49
-85
-75
-102
-85
-54
-65
-113
-96
-73
-22
-60
-74
-69
9
960
1532
888
-132
-81
-110
-414
3843
8371
-830
-26
-7
75
455
769
1111
1600
2330
2460
1447
115
-145
-145
-135
-151
-95
-46
-124
-117
-79
-115
460
1518
1146
9
-69
-70
-174
38
11272
-423
-116
-134
52
351
729
998
1349
2122
2535
1963
454
-85
-110
-50
-43
-4
-58
-41
-77
0
-562
-6046
-9025
-11789
-12104
-6562
-808
466
1692
3075
4370
5252
5447
4763
2864
862
112
-136
-51
-78
-33
-84
-99
-62
-120
-50
-67
-75
-92
-19
-18
11
-139
555
1578
1230
19
-158
-93
-166
272
11347
-747
-206
-64
83
356
650
952
1412
2212
2560
1939
278
-115
-86
-121
-110
-101
-149
-70
-93
-104
-107
149
1328
1458
337
-117
-119
-45
-546
9195
2639
-371
-93
18
199
522
851
1292
1950
2548
2203
773
-31
-151
-116
-155
-141
-90
-113
-100
-150
-150
-7
1065
1458
655
-122
-54
-89
-715
5578
6820
-1022
-143
-91
116
475
755
1139
1668
2393
2455
1258
56
-157
-140
-138
-87
-133
-104
-160
-113
-102
-95
652
1511
1062
-26
-69
-120
-254
1318
10449
-810
-56
-21
84
430
744
995
1410
2198
2556
1796
309
-128
-155
-144
-114
-89
-119
-155
-76
-84
-123
251
1310
1339
292
-88
-131
-157
-599
10145
1634
-336
-121
3
276
622
893
1256
1989
2641
2201
638
-113
-167
-66
-46
-145
-104
-82
-51
-69
-108
-63
1117
1635
613
-87
-139
-167
-772
6632
5808
-918
-164
12
146
516
790
1092
1715
2498
2386
1114
-71
-100
-84
-109
-169
-136
-67
-13
-134
-98
-141
662
1581
1004
-111
-142
-54
-242
2455
9432
-736
-39
-20
82
376
734
1018
1469
2307
2538
1659
138
-57
-178
-197
-124
-101
-57
-119
-158
-87
-38
414
1424
1281
121
-101
-63
-105
-622
10973
542
-240
-47
-34
251
676
1004
1347
1981
2521
2064
551
-63
-119
-160
-80
-73
-82
-88
-90
-64
-24
51
1199
1495
510
-46
-85
-122
-845
7527
4733
-715
-192
-76
168
551
801
1153
1664
2424
2383
1027
-105
-137
-124
-65
-102
-112
-150
-165
-82
-27
-123
844
1550
991
-45
-98
-161
-380
3552
8594
-899
-99
-96
119
487
692
995
1578
2373
2494
1522
91
-140
-58
-55
-63
-127
-101
-80
-49
-63
-146
415
1472
1311
72
-108
-56
-23
-129
11231
-138
-192
-104
23
328
618
928
1347
2144
2605
1951
442
-81
-73
-125
-152
-134
-82
-25
-115
-122
-115
155
1288
1513
331
-125
-68
-23
-616
8260
3752
-525
-98
35
224
519
885
1232
1884
2507
-35000
937
-22
